1034
1081
1088
1089
1090
1098
1099
1104
1126
1130
1131
1132
1133
1134
1135
1136
1137
1145
1150
1172
1206
1207
1227
1250
1291
1292
1293
1294
1295
1296
1297
1298
1304
1305
1309
1310
1356
1368
1371
1418
1421
1460
1488
1494
1496
1515
1562
1576
1578
1583
1606
1608
1634
1674
1680
1681
1685
1718
1726
1727
1768
1792
1809
1816
1821
1822
1826
1863
1868
1885
1894
1909
1919
1952
2010
2018
2027
2030
2081
2083
2085
2089
2090
2093
2120
2123
2157
2159
2162
2171
2178
2195
2203
2218
2219
2240
2251
2255
2262
2284
2299
2305
2359
2360
2385
2439
2449
2494
2495
2559
2585
2600
2613
2620
2630
2680
2682
2696
2700
2737
2751
2775
2796
2797
2798
2802
2812
2813
2814
2815
2839
2843
2882
2885
2891
2893
2902
2910
2922
2992
3014
3019
3061
3068
3093
3108
3112
3124
3131
3180
3183
3198
3210
3212
3216
3236
3240
3244
3271
3282
3283
3284
3289
3292
3296
3303
3367
3434
3447
3466
3477
3506
3516
3525
3564
3602
3620
3673
3687
3688
3689
3691
3692
3694
3701
3809
3876
3881
3882
3883
3884
3885
3887
3918
3962
4028
4030
4039
4060
4062
4127
4165
4207
4232
4251
4258
4316
4339
4344
4349
4353
4363
4403
4412
4438
4440
4459
4501
4504
4552
4577
4585
4586
4638
4655
4678
4682
4801
4819
4835
4846
4863
4881
4883
4936
4958
4959
4981
4984
5009
5030
5095
5112
5139
5154
5173
5178
5203
5204
5232
5242
5244
5245
5248
5250
5251
5259
5298
5303
5310
5316
5328
5351
5359
5407
5415
5451
5464
5470
5476
5501
5502
5503
5504
5505
5506
5507
5509
5571
5595
5597
5598
5599
5607
5649
5650
5654
5665
5693
5712
5735
5747
5764
5775
5804
5805
5806
5813
5906
5928
6001
6005
6006
6038
6044
6045
6049
6101
6102
6132
6144
6146
6165
6194
6201
6202
6231
6237
6245
6246
6250
6256
6264
6274
6280
6290
6310
6343
6345
6394
6399
6407
6416
6430
6488
6499
6513
6556
6625
6627
6677
6701
6739
6815
6862
6865
6866
6872
6902
6916
6960
6964
7016
7047
7050
7055
7066
7097
7099
7125
7135
7138
7140
7152
7176
7196
7199
7202
7217
7248
7287
7301
7302
7318
7328
7334
7373
7420
7424
7436
7457
7466
7469
7548
7601
7616
7643
7701
7713
7732
7743
7747
7773
7794
7796
7797
7805
7833
7838
7902
7904
7914
8003
8008
8041
8090
8102
8111
8118
8119
8127
8200
8290
8304
8311
8318
8319
8350
8368
8404
8421
8499
8502
8529
8541
8563
8618
8619
8629
8633
8688
8691
8699
8700
8704
8799
8816
8822
8860
8862
8868
8908
8939
8983
8997
9036
9083
9104
9147
9196
9209
9222
9256
9264
9267
9287
9302
9314
9315
9323
9327
9330
9388
9393
9395
9397
9398
9402
9412
9471
9498
9501
9503
9526
9553
9559
9597
9614
9621
9711
9712
9734
9738
9779
9784
9803
9818
9831
9869
9883
9894
9930
9936
9940
9959